time 2018-07-25 14:13:11
row  19
col  19
robRow  8 7 16 2 2
robCol  3 15 10 2 14
robReachRowLst  7 16 8 9 10 0 14 12 15 3 4 16 17 18 8 9 10 8 11 14 12 15 13 2 0 3 1 4 2 5 3 16 6 17 7 18 10 11 12 15 13 0 1 4 2 5 6 4 7 17 8 16 6 17 18 8 9 10 11 14 1 15 13 0 3 4 5 16 17 7 18 8 9 10 11 9 14 12 15 13 2 0 3 1 4 2 5 6 17 7 18 11 14 12 10 13 0 1 2 5 6 7 5 8 9 14 3 16 6 17 18 8 9 10 11 14 12 1 15 13 0 3 1 4 5 16 6 17 7 18 9 10 11 14 12 15 13 0 3 1 4 2 5 6 7 18 16 12 13 1 2 6 7 5 16 18 8 9 10 0 14 12 15 3 4 16 17 18 8 9 10 8 11 14 12 15 13 0 3 1 4 2 5 16 6 17 7 18 10 11 14 12 10 15 13 0 1 4 2 5 6 4 7 17 15 11 2 7 16 17 18 8 9 10 11 0 14 12 15 0 3 4 5 16 17 7 18 8 9 10 11 9 14 12 15 13 0 3 1 4 2 5 3 6 17 7 18 11 14 12 10 13 0 1 2 5 6 4 7 17 8 15 11 16 17 18 8 9 10 11 14 12 1 15 13 0 3 1 4 5 16 6 17 18 8 9 10 11 9 14 12 15 13 2 0 3 1 4 2 5 3 6 7 18 16 12 13 1 2 6 7 5 8 9 14 3 16 6 17 18 8 9 10 8 11 14 12 15 13 0 3 1 4 2 5 16 6 17 7 18 9 10 11 14 12 15 13 0 3 1 4 2 5 6 7 16 15 13 11 2
robReachColLst  3 9 5 0 7 17 1 17 4 2 5 0 13 10 12 9 14 18 15 8 8 13 13 18 14 11 15 12 12 1 17 7 14 6 15 5 9 4 7 10 6 5 0 11 7 10 1 17 4 17 0 11 18 10 17 7 6 5 8 7 18 6 18 9 4 7 6 2 3 16 8 14 15 12 1 17 14 10 15 11 16 0 13 13 14 10 15 12 4 9 3 6 17 1 17 4 7 6 5 8 7 6 18 2 3 2 1 13 16 8 15 9 4 3 10 5 13 16 0 16 11 6 10 1 4 4 11 1 18 6 13 10 3 12 4 9 9 2 15 3 8 8 13 2 11 1 17 3 2 4 3 5 0 16 8 18 4 1 6 16 0 16 5 3 4 15 14 13 11 10 1 17 12 11 15 2 14 13 8 8 3 15 2 6 9 7 12 4 8 5 18 6 18 11 7 4 1 10 6 11 0 16 5 18 16 16 1 2 10 11 16 6 7 4 9 18 6 18 7 8 5 6 7 1 12 17 11 13 8 15 14 18 9 9 12 12 15 10 14 13 13 0 16 15 5 14 2 7 16 0 16 5 6 7 4 9 6 18 7 16 1 18 18 12 9 14 8 5 2 11 4 12 17 1 17 10 7 11 0 5 3 10 2 9 15 14 13 0 16 15 11 14 10 17 1 12 12 15 11 14 18 13 8 0 16 2 3 5 2 4 1 17 3 2 3 0 14 17 15 12 10 11 0 16 13 10 14 3 15 12 9 9 2 14 3 5 8 0 13 7 12 11 2 13 5 8 8 3 14 2 9 9 12 3 10 18 17 1 17 0
grid  1 1 0 1 1 1 0 1 1 1 1 1 1 1 1 0 1 1 1 1 1 1 1 1 1 1 1 1 1 1 1 1 1 1 1 1 1 1 1 1 1 0 1 1 1 1 1 1 1 1 0 1 1 0 0 0 1 1 1 1 1 1 1 1 1 1 0 1 1 1 1 0 1 0 0 1 1 0 1 0 0 1 1 0 0 0 0 0 1 1 1 1 1 1 1 1 1 0 1 1 1 0 0 1 1 1 1 0 0 1 1 1 1 1 1 1 0 0 1 0 1 0 1 1 0 0 0 1 1 1 0 1 1 1 1 1 1 1 1 1 1 1 1 1 1 1 0 1 1 1 0 1 1 1 1 1 1 1 1 0 1 1 1 1 0 0 1 1 1 0 1 1 1 0 1 1 1 1 1 0 1 1 1 1 1 1 1 0 1 1 1 1 1 0 1 0 1 1 0 1 1 1 0 0 1 1 1 0 1 1 1 0 1 0 1 1 1 1 1 1 1 1 1 1 1 1 1 1 0 0 1 0 1 1 1 1 1 1 1 0 1 0 1 1 1 1 1 0 0 1 1 0 1 1 1 1 1 1 1 0 1 1 1 0 0 1 0 0 1 1 1 1 1 0 1 1 1 1 1 1 1 1 1 0 1 1 0 1 0 1 1 1 1 1 1 0 1 1 1 1 1 1 1 1 1 1 0 1 0 1 1 1 1 0 1 1 1 1 1 0 0 1 1 1 0 1 0 0 1 1 1 1 1 0 1 1 0 1 0 0 1 1 1 1 1 1 1 1 1 1 1 1 1 1 1 1 1 1 1 1 1
obRow  2 16 4 16 2 4 13 4 7 15 14 16 9 14 7 6 0 10 8 4 14 13 10 6 15 15 9 11 5 6 10 12 6 4 3 16 6 6 11 17 5 3 12 12 10 8 12 9 2 5 3 13 14 8 13 5 17 13 2 12 5 6 17 10 16 10 17 2 17 0 17 6 17 3 4 4 4 13 0 8
obCol  17 15 11 9 12 1 4 3 17 1 7 2 2 17 13 12 2 17 13 8 0 12 3 3 10 3 16 4 7 2 13 1 10 4 9 16 5 7 2 13 13 16 13 3 8 12 0 8 16 2 14 1 1 7 0 6 10 17 15 11 12 16 1 12 4 5 3 3 16 15 15 11 4 17 9 7 10 16 6 17
